lambda all disk dust
1000.0 100612880000000.0 100492960000000.0 119920000000.00002
1011.0 111083165182987.14 110964549950544.02 118615232443.12563
1023.0 136858846529814.27 136712316715542.52 146529814271.74976
1034.0 130589864603481.61 130444893617021.27 144970986460.34814
1046.0 122212925430210.33 122069617590822.2 143307839388.14532
1058.0 119409943289224.94 119268260869565.22 141682419659.73535
1070.0 117258224299065.4 117118130841121.48 140093457943.92523
1082.0 109640351201478.73 109474103512014.8 166247689463.95563
1094.0 101422285191956.12 101257861060329.06 164424131627.05667
1107.0 100718717253839.2 100556224028906.95 162493224932.24933
1119.0 102317801608579.1 102157050938337.8 160750670241.28687
1132.0 102970176678445.23 102811272084805.66 158904593639.576
1145.0 103581554585152.84 103398270742358.08 183283842794.75983
1157.0 110228971477960.25 110047588591184.11 181382886776.1452
1171.0 120611255337318.53 120432040990606.31 179214346712.21176
1184.0 155344003378378.38 155166756756756.75 177246621621.6216
1197.0 200618045112781.97 200417677527151.2 200367585630.74353
1211.0 240780743187448.38 240582691990090.8 198051197357.55573
1224.0 277755882352941.16 277559934640522.88 195947712418.30066
1238.0 258631987075928.94 258438255250403.88 193731825525.0404
1252.0 202053706070287.53 201838194888178.9 215511182108.6262
1266.0 166287172195892.6 166074044233807.25 213127962085.30807
1281.0 150017017954722.88 149806385636221.7 210632318501.17096
1295.0 141959351351351.34 141727845559845.56 231505791505.7915
1310.0 142668183206106.84 142439328244274.78 228854961832.06107
1325.0 141188830188679.25 140939939622641.53 248890566037.73587
1340.0 137057820895522.4 136811716417910.45 246104477611.9403
1355.0 137974376383763.83 137730996309963.1 243380073800.738
1370.0 146880116788321.16 146617518248175.2 262598540145.9854
1386.0 151716969696969.7 151457402597402.6 259567099567.09958
1401.0 150285182012847.97 150006995003568.88 278187009279.08636
1417.0 147466901905434.03 147191856033874.4 275045871559.633
1433.0 142410230286113.06 142117334263782.28 292896022330.77454
1450.0 139810179310344.83 139520717241379.31 289462068965.5172
1466.0 143499085948158.25 143192332878581.16 306753069577.08044
1482.9999999999998 149455252865812.56 149152016183412.03 303236682400.5395
1499.0 161180000000000.0 160860000000000.0 320000000000.0
1516.0000000000002 178970316622691.25 178653905013192.6 316411609498.6807
1533.0 216685192433137.62 216352733202870.2 332459230267.44946
1550.9999999999998 240458542875564.2 240129941972920.72 328600902643.4559
1568.0 202670918367346.94 202326760204081.62 344158163265.30615
1586.0 165457087011349.3 165097931904161.4 359155107187.8941
1603.9999999999998 159058478802992.53 158703354114713.22 355124688279.3018
1622.0 156498557336621.47 156128890258939.6 369667077681.87427
1640.0 153556097560975.62 153172207317073.2 383890243902.4391
1659.0 150080711271850.5 149683146473779.38 397564798071.1272
1678.0 144111251489868.88 143718188319427.88 393063170441.00116
1697.0 138346128461991.75 137939799646434.88 406328815556.86505
1716.0 137460745920745.9 137041445221445.2 419300699300.6993
1734.9999999999998 137476011527377.55 137044023054755.06 431988472622.47845
1755.0 135738507122507.12 135294358974358.98 444148148148.14813
1775.0 133769915492957.75 133313881690140.84 456033802816.9014
1795.0 133448579387186.64 132980924791086.36 467654596100.27856
1815.0 133927184573002.77 133448165289256.2 479019283746.5565
1836.0000000000002 139416797385620.89 138926928104575.14 489869281045.7515
1857.0 146977878298330.62 146477404415724.28 500473882606.3543
1878.0 159334600638977.62 158823759318423.84 510841320553.7807
1899.0000000000002 172712585571353.3 172191606108478.12 520979462875.1974
1920.0 163172395833333.3 162625885416666.66 546510416666.6666
1942.0000000000002 142644284243048.38 142088527291452.1 555756951596.2925
1964.0 132391313645621.17 131826517311608.97 564796334012.22
1986.0 128101852970795.58 127513121852970.8 588731117824.7734
2009.0 126112981582877.06 125516067695370.84 596913887506.222
2031.0 125839241752831.12 125234032496307.22 605209256523.8798
2054.0 126385988315482.0 125758364167478.11 627624148003.8949
2078.0 127552059672762.27 126902829643888.34 649230028873.9171
2101.0 126640885292717.73 125984493098524.5 656392194193.2413
2125.0 123545816470588.23 122868621176470.6 677195294117.6471
2149.0 121315067473243.36 120617533736621.67 697533736621.6846
2173.0 120057965945697.2 119354339622641.52 703626323055.6835
2198.0 118910664240218.38 118187761601455.88 722902638762.5114
2223.0 117951003148897.88 117209257759784.08 741745389113.8102
2248.0 118639715302491.11 117879546263345.2 760169039145.9075
2273.0 121858873735151.78 121080686317641.89 778187417509.8988
2299.0 124536320139190.97 123727812092214.03 808508046976.9465
2325.0 126251260215053.75 125426004301075.25 825255913978.4946
2351.0 127647724372607.38 126806091025095.69 841633347511.697
2378.0 128215559293523.97 127345660218671.16 869899074852.8174
2405.0 128895301455301.45 128010237006237.0 885064449064.4491
2432.0 130053042763157.89 129140822368421.06 912220394736.842
2460.0 130766422764227.66 129840211382113.83 926211382113.8213
2487.0 130552231604342.56 129599911540008.03 952320064334.5396
2515.0 130052405566600.39 129074926441351.88 977479125248.5089
2544.0 128805581761006.27 127803891509433.95 1001690251572.3269
2572.9999999999995 127470345899727.95 126444990283715.53 1025355616012.437
2602.0 126280092236740.97 125220076863950.8 1060015372790.1614
2631.0 125002128468263.02 123919612314709.23 1082516153553.7817
2661.0 123254866591506.95 122150755355129.66 1104111236377.3018
2691.0 122549238201412.11 121412872538089.92 1136365663322.185
2722.0 129083614988978.69 127916135194709.77 1167479794268.92
2752.0 137154142441860.47 135966707848837.2 1187434593023.2559
2783.0 146506647502694.94 145289349622709.3 1217297879985.627
2814.9999999999995 154106785079928.97 152850074600355.28 1256710479573.7126
2847.0 142897295398665.25 141612588689848.94 1284706708816.2979
2879.0 127979923584577.97 126667843001042.02 1312080583535.95
2912.0 124573489010989.0 123224800824175.83 1348688186813.1868
2945.0 123991986417657.06 122607511035653.66 1384475382003.3958
2978.0 119195164539959.7 117775695097380.78 1419469442578.912
3012.0000000000005 113271049136786.17 111817835325365.19 1453213811420.9824
3046.0 111908273145108.34 110412225869993.44 1496047275114.905
3080.0 112425000000000.0 110896798701298.7 1528201298701.2986
3115.0 114049117174959.88 112480340288924.56 1568776886035.313
3150.0 116113015873015.88 114504565079365.08 1608450793650.7937
3186.0 116965285624607.64 115318549905838.05 1646735718769.617
3222.0 117333271260086.9 115649106145251.4 1684165114835.5059
3258.0 115944751381215.47 114214782074892.56 1729969306322.8975
3295.0 113277996965098.64 111503763277693.48 1774233687405.1592
3332.0 111030372148859.53 109212857142857.14 1817515006002.4011
3370.0 108888783382789.31 107029489614243.33 1859293768545.994
3408.0 107410739436619.72 105501801643192.48 1908937793427.23
3447.0 106543371047287.48 104586451987235.27 1956919060052.219
3486.0 104491394148020.64 102487567412507.17 2003826735513.4824
3525.0 101124028368794.33 99065826950354.61 2058201418439.7163
3565.0 98980252454417.95 96869458625525.95 2110793828892.0059
3605.0 98380970873786.4 96218751733703.19 2162219140083.2178
3646.0 97521338453099.28 95309429511793.75 2211908941305.5405
3687.0000000000005 96274260916734.47 94005636018443.17 2268624898291.2935
3729.0 94466344864574.94 92142874765352.64 2323470099222.3115
3771.0 91903686024927.06 89518642269954.92 2385043754972.156
3814.0 89924278972207.66 87479659150498.16 2444619821709.491
3857.0 89543583095670.22 87040715582058.6 2502867513611.6157
3901.0 88379902589079.73 85813042809536.02 2566859779543.707
3945.0 85114321926489.23 82477297845373.89 2637024081115.336
3990.0 82351077694235.6 79653629072681.7 2697448621553.885
4035.0000000000005 81432664188351.9 78661278810408.9 2771385377942.998
4079.9999999999995 80461029411764.72 77624686274509.81 2836343137254.9023
4127.0 78818269929731.03 75912527259510.53 2905742670220.499
4173.0 77590222861250.9 74608746705008.39 2981476156242.5117
4220.0 77507535545023.7 74452701421800.95 3054834123222.749
4268.0 78321696344892.22 75188828491096.53 3132867853795.689
4316.0 82660333642261.34 79451167747914.73 3209165894346.617
4365.0 86196792668957.61 82906891179839.62 3289901489117.984
4415.0 82096987542468.84 78722115515288.78 3374872027180.0674
4465.0 77618992161254.2 74161052631578.95 3457939529675.252
4515.0 78286644518272.44 74740837209302.33 3545807308970.1
4566.0 79381997371879.11 75751042487954.45 3630954883924.6606
4618.0 76280857514075.36 72554456474664.36 3726401039411.001
4670.0 72606809421841.55 68787087794432.55 3819721627408.994
4723.0 73505907262333.25 69589400804573.36 3916506457759.898
4776.0 75954355108877.72 71943211892797.33 4011143216080.4023
4830.0 84353664596273.28 80244604554865.42 4109060041407.8677
4885.0 93959836233367.45 89743611054247.69 4216225179119.7544
4940.0 93217165991902.83 88896161943319.83 4321004048582.9956
4996.0 88451801441152.92 84023210568454.77 4428590872698.159
5053.0 80037641005343.36 75498812586582.23 4538828418761.132
5110.0 70285792563600.78 65633318982387.47 4652473581213.307
5168.0 67582623839009.28 62808332043343.65 4774291795665.634
5225.999999999999 68438844240336.79 63551174894756.99 4887669345579.794
5285.0 68525714285714.28 63511084200567.64 5014630085146.642
5345.0 68149111318989.71 63011285313376.984 5137826005612.723
5406.0 66492822789493.164 61224417314095.445 5268405475397.706
5467.0 63941247484909.45 58539692701664.53 5401554783244.924
5528.999999999999 61163754747693.984 55627567372038.35 5536187375655.635
5591.0 58126131282418.164 52452935074226.44 5673196208191.737
5654.0 56311920764060.84 50495143261407.85 5816777502652.989
5718.0 55681636935991.6 49720241343126.96 5961395592864.638
5783.0 56196299498530.17 50084174303994.47 6112125194535.708
5848.0 58083686730506.16 51819056087551.305 6264630642954.856
5915.0 58287404902789.516 51865653423499.58 6421751479289.94
5981.999999999999 56080942828485.46 49500578401872.29 6580364426613.173
6049.0 54567664076706.9 47822287981484.55 6745376095222.352
6118.0 54295259888852.56 47380944753187.32 6914315135665.25
6187.0 54755778244706.64 47666600937449.484 7089177307257.152
6257.0 56682659421447.98 49414054658782.164 7268604762665.813
6328.0 62584671302149.17 55137048040455.12 7447623261694.059
6399.0 77772776996405.69 70136052508204.41 7636724488201.28
6472.0 99917892459826.95 92089369592089.0 7828522867737.947
6504.0 106534095940959.4 98619634071340.7 7914461869618.696
6543.0 200741827907687.6 192723334861684.25 8018493046003.363
6583.0 236328746771988.44 228204134892905.97 8124611879082.485
6623.0 97372758568624.48 89138783028838.9 8233975539785.597
6662.0 78343113179225.45 69995334734314.02 8343278294806.364
6703.0 73476270326719.38 65023010592272.12 8453259734447.262
6743.0 58964075337386.914 50396455583568.15 8567619753818.774
6784.0 55660097287735.85 46980745872641.51 8679351415094.34
6825.0 58655375824175.83 49861242490842.49 8798526007326.006
6866.0 58519073696475.38 49602796387998.836 8916277308476.55
6908.0 56002015055008.68 46970691951360.74 9031323103647.943
6949.0 57513797668729.31 48363188948050.08 9154923010505.107
6991.000000000001 51794942068373.62 42519196109283.36 9275745959090.258
7033.0 56375017773354.195 46975629176738.24 9399388596615.953
7076.0 54553770491803.29 45029315997738.836 9524454494064.443
7119.0 51828046073886.78 42180036521983.42 9652220817530.55
7161.999999999999 52739181792795.31 42956542865121.48 9778452946104.441
7205.0 50597751561415.68 40686251214434.42 9911500346981.264
7248.0 52291274834437.086 42248305739514.34 10042969094922.736
7292.0 49480156335710.37 39304552934722.984 10175603400987.385
7336.0 51954163031624.86 41639342966194.11 10314820065430.752
7380.0 49645742547425.48 39193365853658.54 10452376693766.938
7425.000000000001 50919566329966.33 40328651851851.85 10590914478114.477
7470.0 53406139223560.914 42674342704149.93 10731796519410.979
7514.999999999999 51107622089155.03 40232641383898.875 10874980705256.156
7560.0 51993092592592.59 40976632275132.28 11020425925925.926
7606.000000000001 49278196160925.58 38111572442808.305 11166623718117.275
7652.0 50317974385781.49 39002992681651.86 11314981704129.639
7698.0 49366910885944.41 37901449727201.875 11465461158742.531
7745.0 51242768237572.63 39626244028405.43 11616524209167.205
7791.0 50905585932486.2 39130614811962.52 11774971120523.682
7838.000000000001 52375113549374.836 40445077825976.01 11930035723398.824
7886.0 52181775297996.45 40092452447375.09 12089322850621.355
7933.0 48036780536997.35 35784774990545.82 12252005546451.531
7981.0 48345144718706.93 35930171657687.01 12414973061019.924
8028.999999999999 48022515879935.24 35442789886660.86 12579725993274.38
8078.0 48065236444664.516 35320581827184.95 12748365932161.426
8127.0 50885212255444.82 37966551002830.07 12914972314507.197
8176.0 49208855185909.984 36118272994129.16 13090582191780.822
8225.0 53730720972644.38 40466621276595.74 13264099696048.633
8275.0 52960439879154.08 39519255589123.87 13441184290030.213
8325.0 50524852852852.86 36905109909909.914 13619742942942.943
8375.0 52918727164179.09 39118977910447.76 13799749253731.342
8426.0 56405523380014.24 42422447187277.48 13983076192736.768
8477.0 58357907278518.34 44186636781880.38 14171270496637.963
8528.0 55976962945591.0 41616233583489.68 14360729362101.312
8579.0 54183459610677.234 39632029374052.92 14551430236624.318
8631.0 51498491484184.914 36753375043448.03 14745116440736.879
8683.0 51331643441206.96 36388255211332.49 14943388229874.469
8736.0 49170494505494.5 34026064560439.562 15140998168498.168
8788.0 49193400091033.23 33852018661811.562 15344792899408.283
8841.0 47545479018210.61 31997656373713.383 15547822644497.23
8895.0 47671401911186.06 31917998875772.91 15756773468240.586
8948.0 46166117568171.66 30197780509611.086 15964986589181.938
9003.0 49180786404531.82 33003641008552.707 16177145395979.12
9057.0 50966331014684.77 34571173677818.266 16395157336866.512
9112.0 50254007901668.125 33641955662862.16 16612052238805.97
9167.0 51270476709937.82 34434320933784.223 16832885349623.65
9222.0 54098588158750.82 37041001951854.266 17057586206896.553
9278.0 50421202845440.83 33136979952575.99 17284222892864.842
9334.0 47491352046282.41 29976788086565.246 17514563959717.166
9390.0 45733069222577.21 27981333333333.332 17751735889243.875
9447.0 45653888006774.63 27666522705620.832 17987365301153.805
9504.0 53039111952861.95 34812634680134.68 18226477272727.273
9561.0 52309001150507.27 33836855977408.227 18469009517832.863
9619.0 49715248986381.125 30999176629587.28 18716072356793.848
9677.0 46963606489614.555 27997236746925.703 18966369742688.85
9735.0 43582635850025.69 24362791987673.344 19219843862352.34
9794.0 46831123136614.25 27356673473555.242 19474449663059.016
9853.0 48820572414493.055 29085437937683.953 19735134476809.094
9913.0 49916261474831.03 29919513769797.24 19996747705033.793
9973.0 52171152110698.89 31906920685851.797 20264231424847.086
10033.0 56676035084222.07 36141542908402.27 20534492175819.797
10093.0 53481611017536.9 32674130585554.344 20810450807490.336
10154.0 50461707701398.47 29374731140437.266 21086976560961.2
10216.0 49110738057948.31 27746759984338.29 21366912685982.77
10277.0 46826793811423.57 25175381920794.008 21651411890629.562
10339.0 47763861108424.414 25821829964213.176 21942031144211.24
10402.0 49425785425879.64 27192972505287.45 22232812920592.195
10465.0 50511931199235.55 27983243191591.02 22528688007644.527
10528.0 52877908434650.46 30048343465045.594 22829564969604.867
10591.0 52116115569823.43 28980761023510.527 23135354546312.906
10654.999999999998 54926286250586.586 31482517128108.875 23443769122477.715
10720.0 57297597014925.375 33542921641791.047 23754675373134.33
10784.0 69287049332344.21 45214643916913.945 24072405415430.266
10850.0 83294663594470.05 58904482949308.76 24390180645161.29
10915.0 72031653687585.89 47314290426019.234 24717363261566.652
10981.0 61764642564429.46 36715330115654.305 25046582278481.01
11047.0 53796826287679.91 28414103376482.3 25382722911197.61
11114.0 53102958430807.99 27382308799712.074 25720649631095.918
11181.000000000002 52556835703425.445 26494265271442.62 26062570431982.82
11249.0 54056746377455.77 27645349808871.9 26408731442794.914
11317.0 55302861182292.125 28541532208182.383 26761328974109.746
11385.0 51267511638120.336 24149897233201.582 27120247694334.652
11454.0 50236261568011.17 22755903614457.832 27480357953553.344
11523.000000000002 48806284821661.02 20959722294541.35 27846562527119.67
11592.0 49449413388543.82 21230660800552.1 28218752587991.715
11661.999999999998 50432827988338.195 21835887497856.29 28594369747899.164
11733.0 50942747805335.38 21966935992499.79 28975811812835.594
11803.999999999998 50875074550999.664 21514789901728.23 29360284649271.438
11875.0 51043001263157.9 21290218105263.16 29752783157894.734
11947.000000000002 50828233029212.35 20677592701096.508 30148130911525.902
12019.0 51788398369248.69 21237184457941.59 30551213911307.098
12091.0 54160378794144.41 23200964353651.477 30959414440492.93
12164.0 53766335087142.39 22393807957908.582 31372527129233.8
12238.0 54972315737865.66 23181952933485.863 31790362804379.797
12312.0 55228750812215.73 23013399935022.742 32212915854450.94
12386.0 55077902470531.24 22435380268044.566 32644942677216.207
12461.0 56440158895754.75 23361351416419.227 33078807479335.523
12536.0 58558573707721.76 25039135290363.754 33519438417358.01
12612.000000000002 58605052331113.22 24638653663177.926 33966398667935.293
12688.0 60330969419924.34 25911150693568.727 34419818726355.61
12765.0 67553054445750.09 32676203681942.812 34876850763807.28
12842.0 72206930384675.3 36864521102631.984 35342409282043.3
12919.0 63874874216270.61 28058532394148.152 35814021209071.91
12997.0 61021075632838.35 24729982303608.527 36293400015388.17
13076.000000000002 61149937289691.03 24374226063016.21 36775711226674.82
13154.999999999998 59750333713416.97 22484430254656.027 37265903458760.94
13234.0 61156119087199.63 23392283512165.637 37763835575034.0
13314.0 60790901306894.99 22524405888538.38 38266495418356.62
13394.0 60658354487083.77 21881773928624.758 38778818874122.74
13475.0 60222533580705.0 20927041187384.043 39295492393320.96
13556.999999999998 59261196429888.625 19188349929925.5 40075057903666.01
13637.999999999998 60412843525443.625 20021838979322.484 40391004546121.13
13721.000000000002 60176312222141.234 19470284964652.72 40706027257488.516
13804.0 61929853665604.17 20903904665314.402 41025949000289.77
13887.0 61294171527327.72 19945648448188.953 41350681932742.85
13971.0 61427777539188.32 19754912318373.773 41672865220814.55
14055.0 63142508715759.516 21138512984702.953 42001862682319.46
14140.0 60911981612446.96 18581663366336.633 42332438472418.67
14226.0 63540487839167.72 20875993251792.492 42662387178405.734
14311.0 62377505415414.73 19377751380057.3 43001848927398.51
14398.0 61554990970968.19 18217462147520.49 43337528823447.7
14484.999999999998 61210115291681.055 17534729720400.416 43677455298584.74
14572.0 64321625034312.375 20300072742245.402 44021552292066.98
14660.0 60311743519781.72 15945024556616.643 44368763983628.914
14749.000000000002 63700131534341.3 18985232897145.566 44714898637195.734
14838.0 63437259738509.234 18370276317563.01 45066983420946.22
14927.0 65246216922355.46 19825321899912.91 45420895022442.555
15018.0 63816795844986.016 18040302303901.984 45776493541084.03
15108.0 64887213396875.83 18748414085252.844 46138799311622.98
15200.0 64983622368421.05 18485036842105.26 46498585526315.79
15290.999999999998 64245938133542.62 17380988816951.15 46866909947027.67
15384.0 63627600104004.164 16395068902756.11 47232531201248.05
15476.0 65064503747738.44 17459921168260.533 47606519772551.05
15570.0 65378350674373.8 17400723185613.361 47979552986512.53
15664.0 65087452757916.234 16731687946884.574 48355764811031.664
15759.0 66804853099815.984 18070944856907.164 48733908242908.81
15854.0 66383745427021.57 17264879525671.758 49116974895925.33
15949.0 66112394507492.63 16607517712709.26 49504876794783.37
16046.0 67521327433628.31 17630018696248.285 49893177115792.09
16143.0 68302325466146.32 18019943009353.902 50284239608499.04
16240.000000000002 67050713054187.19 16370852216748.766 50679860837438.42
16338.0 70068937446443.875 18990269310809.156 51078668135634.71
16437.0 71146186043681.94 19665654316481.11 51478707793392.95
16536.0 72527813255926.47 20642977745524.918 51884835510401.55
16636.0 71488135369079.11 19196138494830.49 52291996874248.62
16736.0 72572881214149.14 19869631931166.35 52705040630975.14
16838.0 74465704953082.31 21349933483786.67 53115771469295.63
16939.0 74418151012456.47 20884585866934.293 53535335025680.38
17050.0 69226545454545.46 15236170087976.541 53990375366568.914
17150.0 68927778425655.98 14525004081632.652 54402774344023.32
17260.0 67342097334878.33 12485297798377.752 54856799536500.58
17360.0 69700046082949.31 14430465437788.018 55269580645161.29
17460.0 66295979381443.3 10611477663230.24 55684501718213.05
17570.0 69344746727376.2 13203485486624.93 56141261240751.27
17670.0 67951273344651.96 11394775325410.3 56556498019241.66
17780.0 68306512935883.01 11292241844769.402 57014271091113.6
17890.0 69310944661822.26 11837826718837.34 57473117942984.91
17990.0 70658810450250.14 12766913841022.79 57891896609227.34
18100.0 74784364640883.98 16432683977900.553 58351680662983.42
18210.0 73789324546952.22 14975182866556.838 58814141680395.39
18320.0 74229956331877.73 14953997816593.889 59275958515283.84
18430.0 77918719479110.16 18179950081389.043 59738769397721.12
18540.0 79283678532901.83 19081121898597.625 60202556634304.21
18650.0 87255463806970.5 26588160857908.848 60667302949061.67
18770.0 92128204581779.44 30952712839637.72 61175491742141.72
18880.0 85446175847457.64 23804564618644.066 61641611228813.555
18990.0 79678283307003.69 17569637704054.766 62108645602948.914
19110.0 78848498168498.17 16227792778649.922 62620705389848.24
19220.0 79395525494276.8 16306499479708.637 63089026014568.16
19340.0 78871892450879.02 15270578076525.336 63601314374353.664
19450.0 77485583547557.84 13413159897172.236 64072423650385.6
19570.0 76826622381195.7 12240173735309.146 64586448645886.56
19690.0 78825017775520.58 13723196546470.29 65101821229050.28
19810.0 78453467945482.08 12834951034830.893 65618516910651.18
19930.0 77108620170597.08 10973612644254.893 66135007526342.195
20040.0 74246876247505.0 11849879241516.967 62396997005988.03
20170.0 76964025780862.67 11755667823500.246 65208357957362.414
20290.0 79478767865943.81 11663978314440.61 67814789551503.195
20410.0 77072542871141.61 11574835864772.17 65497707006369.43
20530.0 78155362883584.98 11485275207014.125 66670087676570.87
20650.0 82201820823244.56 11396755447941.889 70805065375302.67
20780.0 81182608277189.6 11303816169393.646 69878792107795.95
20900.0 80400909090909.1 11217397129186.604 69183511961722.49
21030.000000000004 79176852116024.72 11126671421778.41 68050180694246.305
21160.0 80192249527410.2 11039894139886.578 69152355387523.625
21280.0 81501080827067.67 10962141917293.232 70538938909774.42
21410.0 79745959831854.27 10875976646426.904 68869983185427.37
21540.0 84790232126276.69 10789459610027.855 74000772516248.84
21669.999999999996 85056317489617.0 10703980618366.406 74352336871250.58
21800.0 83531431192660.56 10619521100917.432 72911910091743.12
21930.0 82653479252165.98 10537430004559.963 72116049247606.02
22060.0 82506155938349.95 10454947416137.805 72051208522212.16
22200.000000000004 81310621621621.6 10367408108108.107 70943213513513.5
22330.0 84650201522615.31 10288255261979.4 74361946260635.9
22460.0 85895503116651.83 10214023152270.705 75681479964381.12
22599.999999999996 84647070796460.19 10134831858407.08 74512238938053.11
22730.0 82764848218213.81 10057083150021.998 72707765068191.83
22870.0 84276965456930.48 9975854831657.193 74301110625273.28
23010.0 88089865275966.98 9894312038244.242 78195553237722.73
23150.0 88774470842332.61 9815050539956.803 78959420302375.81
23290.0 87957638471446.97 9736741949334.479 78220896522112.48
23430.0 88647648314127.19 9663207853179.686 78984440460947.52
23570.000000000004 89456656767076.78 9591819261773.44 79864837505303.33
23710.0 88587043441585.83 9517480388021.932 79069563053563.9
23849.999999999996 89537752620545.1 9442757232704.404 80094995387840.69
23990.0 89327653188828.69 9370155898290.955 79957497290537.73
24140.0 91566917978458.98 9292061309030.654 82274856669428.33
24280.0 90248690280065.89 9226135090609.555 81022555189456.34
24430.0 91130364306180.92 9154760540319.28 81975603765861.66
24580.000000000004 91403628966639.53 9079378356387.307 82324250610252.22
24720.0 91480234627831.72 9010978964401.295 82469255663430.42
24870.0 91736147969441.1 8938548451950.139 82797599517490.94
25019.999999999996 91509696243005.62 8869382893685.055 82640313349320.55
25170.0 91559896702423.52 8802232816845.45 82757663885578.06
25320.0 92734344391785.16 8734694312796.209 83999650078988.95
25480.0 92199089481946.62 8662196232339.09 83536893249607.55
25630.0 92618665626219.27 8593954740538.432 84024710885680.84
25780.0 92951955003878.97 8527670287044.221 84424284716834.75
25940.0 95499128758673.88 8460046260601.389 87039082498072.48
26090.0 96995469528554.98 8398766577232.656 88596702951322.34
26250.0 97809036190476.2 8331584761904.763 89477451428571.42
26410.0 95377493373722.08 8264081787201.818 87113411586520.27
26570.0 97217794505080.92 8197391795257.81 89020402709823.11
26730.0 97544354657687.98 8132621773288.44 89411732884399.55
26890.0 95035150613611.02 8070852361472.666 86964298252138.34
27050.0 94539519408502.77 8009813678373.383 86529705730129.39
27210.0 95085409775817.7 7946187431091.511 87139222344726.2
27380.0 97024390065741.4 7881520818115.413 89142869247626.0
27540.0 95666027596223.67 7823756717501.815 87842270878721.86
27710.0 96312508119812.34 7761693251533.742 88550814868278.6
27870.0 98986709723717.27 7700998205956.226 91285711517761.03
28040.0 98311733238231.1 7638271041369.473 90673462196861.62
28210.0 98537596596951.44 7577362637362.638 90960233959588.8
28380.0 98560042283298.11 7518240310077.52 91041801973220.58
28550.0 97437625218914.17 7461922241681.261 89975702977232.92
28720.0 98792033426183.86 7403139275766.017 91388894150417.84
28889.999999999996 100151256490135.0 7344010384215.992 92807246105919.02
29070.0 98840151358789.12 7287192294461.645 91552959064327.48
29240.0 98101450068399.45 7232521203830.37 90868928864569.1
29420.0 97389143439836.84 7172985044187.627 90216158395649.22
29600.0 98407324324324.33 7115185810810.812 91292138513513.52
29770.0 100393221363789.06 7063477326167.282 93329744037621.78
29950.0 102202270450751.25 7008012687813.022 95194257762938.23
30130.0 101890209093926.33 6951220710255.56 94938988383670.77
30310.0 101285120422302.86 6897081491257.011 94388038931045.84
30500.0 100752459016393.42 6840354754098.36 93912104262295.08
30680.0 98793285528031.28 6787518904823.989 92005766623207.31
30860.0 99674270900842.52 6735299416720.674 92938971484121.84
31050.0 100222995169082.12 6681533011272.142 93541462157809.98
31240.0 101052944942381.55 6627460947503.2 94425483994878.36
31420.0 102000700190961.17 6578043284532.1455 95422656906429.02
31610.0 102715406516925.03 6525226194242.329 96190180322682.7
31800.0 102290251572327.03 6474925786163.522 95815325786163.5
31990.0 102619881212879.03 6424285714285.715 96195595498593.33
32190.0 102541099720410.06 6372263435849.643 96168836284560.44
32380.0 102587523162445.97 6322835701050.031 96264687461395.92
32580.0 102417863720073.66 6272058931860.036 96145804788213.62
32770.0 103470796460176.98 6224715288373.513 97246081171803.47
32970.0 104025235062177.72 6174225053078.557 97851010009099.19
33170.0 103669158878504.67 6125247512812.782 97543911365691.88
33370.0 103227509739286.78 6076857057237.039 97150652682049.75
33570.0 103416264521894.53 6029043193327.375 97387221328567.17
33770.0 104312999703879.19 5982683446846.314 98330316257032.88
33970.0 103963614954371.5 5935987047394.761 98027627906976.75
34180.0 103588004681100.06 5888114101813.926 97699890579286.12
34380.0 103944618964514.25 5843396742292.03 98101222222222.22
34590.0 103573576178086.16 5796653368025.44 97776922810060.72
34800.0 102087068965517.25 5750474137931.035 96336594827586.22
35000.0 102017657142857.16 5707335428571.429 96310321714285.72
35220.0 103082850653038.05 5660618966496.309 97422231686541.73
35430.0 102641095117132.39 5616067174710.697 97025027942421.69
35640.0 103382210998877.67 5572881593714.927 97809329405162.73
35850.0 103947391910739.19 5529365690376.568 98418026220362.61
36070.0 102482228999168.28 5484835597449.403 96997393401718.88
36290.0 102356627170019.3 5440845411959.218 96915781758060.08
36500.0 101932000000000.0 5399685479452.055 96532314520547.94
36720.0 101484586056644.89 5356720588235.294 96127865468409.58
36950.0 102313342354533.14 5312829228687.415 97000513125845.73
37170.0 102756308851224.11 5271705138552.597 97484603712671.52
37390.0 103033698849959.88 5231064990639.209 97802633859320.67
37620.0 103200691121743.75 5188723551302.499 98011967570441.25
37840.0 103392970401691.33 5149049154334.038 98243921247357.3
38070.0 103319569214604.69 5108491200420.278 98211078014184.4
38300.0 102777389033942.55 5067637597911.228 97709751436031.31
38530.0 102630729301842.72 5028049831300.285 97602679470542.44
38760.0 102640505675954.6 4988158410732.715 97652347265221.89
38990.0 102803949730700.19 4949506540138.497 97854443190561.69
39230.0 103321335712464.97 4910056079530.972 98411279632933.98
39460.0 103782767359351.23 4872319817536.746 98910447541814.48
39700.0 103986045340050.38 4833047858942.065 99152997481108.3
39940.0 103811567351026.53 4794998497746.62 99016568853279.92
40180.0 103191488302638.12 4756657541065.207 98434830761572.92
40420.0 104803908955962.39 4719513607125.186 100084395348837.2
40660.0 106028627643876.05 4682808165272.996 101345819478603.06
40910.0 104721143974578.34 4645397702273.283 100075746272305.05
41150.0 104110376670716.89 4609561603888.215 99500815066828.69
41400.0 103843768115942.02 4573036231884.058 99270731884057.95
41650.0 104228187274909.95 4536229531812.726 99691957743097.23
41900.00000000001 102747684964200.47 4500577565632.458 98247107398568.02
42150.0 102849537366548.05 4465348517200.475 98384188849347.56
42410.0 102501768450837.06 4429490214572.034 98072278236265.03
42660.0 104009376465072.67 4395098921706.5166 99614277543366.14
42920.0 103449161230195.72 4360092264678.472 99089068965517.23
43179.99999999999 102687401574803.17 4325507179249.6533 98361894395553.52
43440.0 102348848987108.67 4291336095764.2725 98057512891344.39
43700.0 102563157894736.84 4257571624713.9585 98305586270022.89
43960.0 102911328480436.75 4224206551410.373 98687121929026.39
44220.0 102509633649932.16 4191233830845.771 98318399819086.39
44490.0 103706945380984.48 4157711845358.5073 99549233535625.98
44760.0 104086058981233.25 4125264075067.024 99960794906166.22
45030.0 102862758161225.84 4091873861869.8647 98770884299356.0
45300.0 103176203090507.72 4059543487858.7197 99116659602649.02
45570.00000000001 103288567039719.1 4027596225587.008 99260970814132.08
45839.99999999999 103072600349040.16 3996679319371.7285 99075921029668.44
46120.0 102836860364267.14 3964614483954.901 98872245880312.23
46400.0 103120862068965.53 3932936637931.0347 99187925431034.48
46680.0 102823436161096.83 3901638817480.7197 98921797343616.11
46960.0 103806388415672.9 3871352640545.145 99935035775127.78
47240.0 102302624894157.5 3840790855207.451 98461834038950.05
47520.0 101068939393939.39 3810589225589.2256 97258350168350.17
47810.0 102023551558251.4 3779950637941.853 98243600920309.55
48099.99999999999 101346112266112.27 3750304781704.782 97595807484407.5
48390.00000000001 100057243232072.73 3720394709650.754 96336848522421.98
48680.0 99214831552999.19 3690841002465.078 95523990550534.1
48970.0 98688503165203.2 3662249540535.0215 95026253624668.16
49260.0 98533536337799.42 3633386114494.519 94900150223304.9
49560.00000000001 99691364003228.39 3604133171912.8325 96087230831315.56
49860.0 98369995988768.55 3575833533894.906 94794162454873.64
50160.0 98140271132376.39 3547274720893.142 94592996411483.25
50460.0 99279785969084.44 3519649623464.1304 95760136345620.3
50759.99999999999 97570843183609.14 3491760441292.3564 94079082742316.8
51070.0 97741727041315.84 3464107695320.149 94277619345995.69
51369.99999999999 98396496009343.98 3436874051002.5312 94959621958341.47
51680.0 96181965944272.44 3409876934984.52 92772089009287.94
51990.0 97165416426235.81 3383201769571.0713 93782214656664.75
52310.0 97946511183330.16 3355627987000.573 94590883196329.58
52619.99999999999 99078715317369.84 3329591790193.8433 95749123527176.0
52939.99999999999 97347223271628.27 3302670192670.948 94044553078957.31
53259.99999999999 96537176117161.12 3276634998122.419 93260541119038.69
53580.0 96911832773422.92 3250351250466.5923 93661481522956.33
53900.0 96058367346938.78 3224935807050.0923 92833431539888.67
54220.0 95712615271117.67 3199820361490.225 92512794909627.45
54550.0 96012942254812.1 3174417598533.455 92838524656278.64
54880.00000000001 97183709912536.42 3148774052478.1333 94034935860058.3
55210.0 96602825575076.97 3123980076073.175 93478845499003.8
55540.0 95974864962189.4 3099480734605.6895 92875384227583.72
55870.0 96427528190442.1 3075270807231.0723 93352257383211.03
56210.00000000001 97124319516100.33 3050802348336.5947 94073517167763.73
56550.0 97229566755084.0 3026097966401.4146 94203468788682.6
56890.0 97175461416769.22 3002215855159.079 94173245561610.12
57230.0 95812371134020.61 2978093657172.811 92834277476847.8
57570.0 94725759944415.48 2954777140871.982 91770982803543.5
57920.0 94412154696132.6 2931228245856.3535 91480926450276.25
58270.0 94719718551570.28 2907962244722.8423 91811756306847.44
58620.0 93898464687819.86 2884974070283.1797 91013490617536.67
58970.0 92731083601831.45 2862767169747.329 89868316432084.11
59320.00000000001 94306608226567.77 2840316925151.719 91466291301416.05
59680.0 94039142091152.83 2817657841823.0566 91221484249329.77
60039.99999999999 93475283144570.3 2795270486342.4385 90680012658227.84
60400.0 93414503311258.28 2772653642384.106 90641849668874.19
60759.99999999999 93354443712969.08 2750798222514.813 90603645490454.27
61130.00000000001 94505905447407.16 2728263373139.211 91777642074267.94
61500.0 95351024390243.9 2706487154471.545 92644537235772.36
61870.0 96573686762566.69 2684971391627.6064 93888715370939.06
62240.0 97974485861182.52 2663711439588.689 95310774421593.83
62610.0 98496821593994.56 2642702763136.8794 95854118830857.69
62990.00000000001 97283886331163.66 2621524686458.1675 94662361644705.5
63370.0 96747830203566.34 2600600599652.8325 94147229603913.52
63750.0 96829521568627.45 2580396235294.1177 94249125333333.33
64130.0 94900046779978.16 2559963823483.5493 92340082956494.62
64520.0 94651673899566.03 2539843149411.0356 92111830750155.0
64910.0 94729594823601.92 2519502387921.738 92210092435680.17
65300.0 94852496171516.08 2499404594180.7046 92353091577335.38
65690.0 95612878672552.9 2480001826762.0645 93132876845790.83
66080.0 95139315980629.55 2460374394673.1235 92678941585956.42
66480.0 94025722021660.66 2440610108303.2495 91585111913357.39
66880.0 93911632775119.62 2421530502392.344 91490102272727.27
67280.0 93353299643281.83 2402677764565.993 90950621878715.83
67690.0 93097887427980.5 2383252769980.795 90714634657999.7
68090.0 93871875458951.39 2364849170215.8906 91507026288735.48
68500.0 93922744525547.44 2345880291970.803 91576864233576.64
68920.0 93132878699941.97 2326799477655.2524 90806079222286.7
69330.0 91976720034617.03 2308282705899.322 89668437328717.72
69750.0 93743913978494.62 2290085161290.3228 91453828817204.3
70170.0 93994584580304.98 2271678210061.28 91722906370243.7
70590.0 92543448080464.64 2253915002124.947 90289533078339.7
71010.0 92882692578510.08 2236361920856.218 90646330657653.86
71440.0 92659350503919.39 2218704647256.439 90440645856662.95
71870.0 90936969528315.02 2201258661472.102 88735710866842.9
72300.0 91225449515905.95 2184020193637.6208 89041429322268.33
72740.0 92734396480615.89 2166275501787.1873 90568120978828.69
73170.0 93500560338936.72 2149037857045.237 91351522481891.48
73610.0 94774432821627.5 2131711995652.7644 92642720825974.72
74060.0 94198568728058.34 2114306508236.5652 92084262219821.78
74500.0 93762953020134.22 2097392751677.8523 91665560268456.38
74950.0 95399999999999.98 2080799999999.9998 93319200000000.0
75400.0 95625862068965.5 2064405305039.7878 93561456763925.72
75850.0 98181041529334.2 2047809887936.717 96133231641397.48
76310.0 98885676844450.28 2031536889005.373 96854139955444.9
76770.0 97355920281359.9 2015068386088.3157 95340851895271.58
77230.0 97668885148258.44 1998796063705.8137 95670089084552.64
77690.0 96666108894323.58 1982716437121.8945 94683392457201.69
78160.0 96353326509723.64 1966190890481.0645 94387135619242.58
78630.0 96768714231209.45 1950244181610.0725 94818470049599.39
79100.0 97368672566371.67 1934486978508.2175 95434185587863.47
79580.0 96216285498869.05 1918674792661.473 94297610706207.6
80060.0 95452185860604.55 1903426679990.0076 93548759180614.55
80540.0 96483933449217.78 1887988080456.916 94595945368760.88
81020.0 95209256973586.78 1873102443841.027 93336154529745.75
81510.0 94894368789105.64 1857796344006.8704 93036572445098.77
82000.0 95826317073170.72 1842673170731.707 93983643902439.02
82490.0 96238380409746.64 1827366226209.2373 94411014183537.39
82990.0 95947559946981.58 1812382937703.338 94135177009278.23
83490.0 96450209605940.83 1797579111270.811 94652630494670.03
83989.99999999999 95804643409929.77 1782594594594.5947 94022048815335.17
84500.0 95581207100591.72 1767578224852.0713 93813628875739.66
85000.0 97593717647058.81 1752948235294.1177 95840769411764.7
85520.0 98227268475210.48 1738433348924.2285 96488835126286.25
86030.0 97784354295013.38 1724294315936.3015 96060059979077.06
86550.0 98859526285384.17 1710124321201.6174 97149401964182.55
87070.00000000001 97855932008728.6 1695779258068.221 96160152750660.38
87590.0 98027994063249.23 1682289074095.2163 96345704989154.02
88120.0 98867317294598.28 1668768724466.6365 97198548570131.64
88650.0 98310050761421.33 1655071855611.957 96654978905809.38
89179.99999999999 97658555729984.31 1641537788741.8706 96017017941242.45
89720.0 98541038787338.38 1627982166740.972 96913056620597.42
90260.0 99579038333702.64 1614588743629.5146 97964449590073.12
90800.0 100274515418502.2 1601354625550.661 98673160792951.55
91340.0 100732012261878.69 1588276987081.2349 99143735274797.45
91890.0 99900707367504.62 1574855370551.7466 98325851996952.88
92449.99999999999 101079134667387.78 1561748837209.3025 99517385830178.48
93000.0 102028709677419.36 1548644301075.2688 100480065376344.1
93560.0 102892026507054.28 1535850149636.597 101356176357417.69
94120.00000000001 103490246493837.64 1523208244793.88 101967038249043.75
94690.0 103880430879712.75 1510239729644.1018 102370191150068.64
95260.0 104989796346840.22 1497426411925.257 103492369934914.97
95830.0 105397704267974.55 1484765522279.036 103912938745695.5
96410.0 106847090550772.73 1472412612799.5022 105374677937973.25
96990.0 106826353232291.98 1459898340035.0552 105366454892256.94
97570.0 107020949062211.75 1447532848211.5403 105573416214000.2
98160.0 106744193154034.23 1435167277913.6104 105309025876120.62
98750.0 105711756962025.31 1422949468354.4304 104288807493670.88
99340.0 106804127239782.56 1410574994966.7805 105393552244815.78
99940.0 107242845707424.45 1398506704022.4133 105844339003402.03
100500.0 106406626865671.64 1387432636815.9204 105019194228855.72
101100.0 106664747774480.72 1375343620178.0415 105289404154302.67
101800.0 106520294695481.33 1361763457760.3145 105158531237721.02
102400.0 106569531250000.0 1350271093750.0 105219260156250.0
103000.0 107374970873786.4 1338621553398.0583 106036349320388.34
103600.0 107245057915057.9 1327396332046.332 105917661583011.58
104200.0 107519443378119.0 1316300383877.1592 106203142994241.84
104800.0 108620286259541.98 1305331488549.6182 107314954770992.36
105500.0 109093099526066.34 1292407962085.308 107800691563981.03
106100.0 107543713477851.1 1281708576814.3262 106262004901036.77
106800.0 105379138576779.02 1269377902621.723 104109760674157.3
107400.0 106297802607076.34 1258657541899.4412 105039145065176.9
108000.0 106040370370370.36 1248333888888.889 104792036481481.48
108699.99999999999 104943790248390.08 1236433670653.174 103707356577736.9
109300.0 105519725526075.02 1226080512351.3264 104293645013723.69
